 02 90 00 01 34 6c 03 09 00 50 09 00 00 01 00 00 00 2a 0b 64 0f 00 00 0e 09 ff 38 01 00 00 00 2a 0b 64 0f 00 00 0e 09 ff 38 01 00 00 00 2a 0b 64 0f 00 00 0e 09 ff 38 01 00 00 00 2a 0b 64 0f 00
 00 0e 09 ff 38 0b 64 0f 00 00 0e 09 ff 38 0b 64 0f 00 00 0e 09 ff 38 0b 68 01 ff b6 00 01 0b 68 01 ff af 00 0f 0b 68 01 ff a8 00 1d 0b 68 01 ff a1 00 2b 0b 68 01 ff 9a 00 39 0b 68 01 ff 93 00
 47 02 90 00 06 00 00 04 02 90 00 0e 00 00 0c 02 90 00 00 00 01 0b 02 90 00 00 00 06 0a 01 00 00 00 2a 0b 68 04 ff 65 00 01 04 54 04 0c 04 05 54 0a 0b 0a 09 ff ce 0c ff e7 01 00 00 00 03 0c 00
 28 01 00 00 00 04 0c 00 45 01 00 00 00 2a 0a a4 00 08 ff 3f 0f 02 90 ff ff ff 46 0e 02 90 00 00 00 00 02 09 ff 24 01 00 00 00 2a 0c 00 3d 01 00 00 00 2a 0a a4 00 04 ff 1a 0f 02 90 ff ff ff 42
 0e 02 90 00 00 00 00 02 09 fe ff 01 00 00 00 2a 0a a4 00 0c fe fd 0f 02 90 ff ff ff 4a 0e 02 90 00 00 00 00 02 09 fe e2 01 00 00 00 2a 0a a4 00 00 fe e0 0f 02 90 ff ff ff 3e 0e 02 90 00 00 00
 00 02 09 fe c5 00 00 00 00 00 00 00 00 00 00 00 00 00 00 00 00 00 00 00 00 00 00 00 00 00 00 00 00 00 00 00 00 00 00 00 00 00 00 00 00 00 00 00 00 00 00 00 00 00 00 00 00 00 00 00 00 00 00 00
 00 00 00 00 00 00 00 00 00 00 00 00 00 00 00 00 00 00 00 00 00 00 00 00 00 00 00 00 00 00 00 00 00 00 00 00 00 00 00 00 00 00 00 00 00 00 00 00 00 00 00 00 00 00 00 00 00 00 00 00 00 00 00 00
 00 00 00 00 00 00 00 00 00 00 00 00 00 00 00 00 00 00 00 00 00 00 00 00 00 00 00 00 00 00 00 00 00 00 00 00 00 00 00 00 00 00 00 00 00 00 00 00 00 00 00 00 00 00 00 00 00 00 00 00 00 00 00 00
 00 00 00 00 00 00 00 00 00 00 00 00 00 00 00 00 00 00 00 00 00 00 00 00 00 00 00 00 00 00 00 00 00 00 00 00 00 00 00 00 00 00 00 00 00 00 00 00 00 00 00 00 00 00 00 00 00 00 00 00 00 00 00 00
 00 00 00 00 00 00 00 00 00 00 00 00 00 00 00 00 00 00 00 00 00 00 00 00 00 00 00 00 00 00 00 00 00 00 00 00 00 00 00 00 00 00 00 00 00 00 00 00 00 00 00 00 00 00 00 00 00 00 00 00 00 00 00 00
 00 00 00 00 00 00 00 00 00 00 00 00 00 00 00 00 00 00 00 00 00 00 00 00 00 00 00 00 00 00 00 00 00 00 00 00 00 00 00 00 00 00 00 00 00 00 00 00 00 00 00 00 00 00 00 00 00 00 00 00 00 00 00 00
 00 00 00 00 00 00 00 00 00 00 00 00 00 00 00 00 00 00 00 00 00 00 00 00 00 00 00 00 00 00 00 00 00 00 00 00 00 00 00 00 00 00 00 00 00 00 00 00 00 00 00 00 00 00 00 00 00 00 00 00 00 00 00 00
 00 00 00 00 00 00 00 00 00 00 00 00 00 00 00 00 00 00 00 00 00 00 00 00 00 00 00 00 00 00 00 00 00 00 00 00 00 00 00 00 00 00 00 00 00 00 00 00 00 00 00 00 00 00 00 00 00 00 00 00 00 00 00 00
 00 00 00 00 00 00 00 00 00 00 00 00 00 00 00 00 00 00 00 00 00 00 00 00 00 00 00 00 00 00 00 00 00 00 00 00 00 00 00 00 00 00 00 00 00 00 00 00 00 00 00 00 00 00 00 00 00 00 00 00 00 00 00 00
 00 00 00 00 00 00 00 00 00 00 00 00 00 00 00 00 00 00 00 00 00 00 00 00 00 00 00 00 00 00 00 00 00 00 00 00 00 00 00 00 00 00 00 00 00 00 00 00 00 00 00 00 00 00 00 00 00 00 00 00 00 00 00 00
 00 00 00 00 00 00 00 00 00 00 00 00 00 00 00 00 00 00 00 00 00 00 00 00 00 00 00 00 00 00 00 00 00 00 00 00 00 00 00 00 00 00 00 00 00 00 00 00 00 00 00 00 00 00 00 00 00 00 00 00 00 00 00 00
 00 00 00 00 00 00 00 00 00 00 00 00 00 00 00 00 00 00 00 00 00 00 00 00 00 00 00 00 00 00 00 00 00 00 00 00 00 00 00 00 00 00 00 00 00 00 00 00 00 00 00 00 00 00 00 00 00 00 00 00 00 00 00 00
 00 00 00 00 00 00 00 00 00 00 00 00 00 00 00 00 00 00 00 00 00 00 00 00 00 00 00 00 00 00 00 00 00 00 00 00 00 00 00 00 00 00 00 00 00 00 00 00 00 00 00 00 00 00 00 00 00 00 00 00 00 00 00 00
 00 00 00 00 00 00 00 00 00 00 00 00 00 00 00 00 00 00 00 00 00 00 00 00 00 00 00 00 00 00 00 00 00 00 00 00 00 00 00 00 00 00 00 00 00 00 00 00 00 00 00 00 00 00 00 00 00 00 00 00 00 00 00 00
 00 00 00 00 00 00 00 00 00 00 00 00 00 00 00 00 00 00 00 00 00 00 00 00 00 00 00 00 00 00 00 00 00 00 00 00 00 00 00 00 00 00 00 00 00 00 00 00 00 00 00 00 00 00 00 00 00 00 00 00 00 00 00 00
 00 00 00 00 00 00 00 00 00 00 00 00 00 00 00 00 00 00 00 00 00 00 00 00 00 00 00 00 00 00 00 00 00 00 00 00 00 00 00 00 00 00 00 00 00 00 00 00 00 00 00 00 00 00 00 00 00 00 00 00 00 00 00 00
 00 00 00 00 00 00 00 00 00 00 00 00 00 00 00 00 00 00 00 00 00 00 00 00 00 00 00 00 00 00 00 00 00 00 00 00 00 00 00 00 00 00 00 00 00 00 00 00 00 00 00 00 00 00 00 00 00 00 00 00 00 00 00 00
 00 00 00 00 00 00 00 00 00 00 00 00 00 00 00 00 00 00 00 00 00 00 00 00 00 00 00 00 00 00 00 00 00 00 00 00 00 00 00 00 00 00 00 00 00 00 00 00 00 00 00 00 00 00 00 00 00 00 00 00 00 00 00 00
 00 00 00 00 00 00 00 00 00 00 00 00 00 00 00 00 00 00 00 00 00 00 00 00 00 00 00 00 00 00 00 00 00 00 00 00 00 00 00 00 00 00 00 00 00 00 00 00 00 00 00 00 00 00 00 00 00 00 00 00 00 00 00 00
 00 00 00 00 00 00 00 00 00 00 00 00 00 00 00 00 00 00 00 00 00 00 00 00 00 00 00 00 00 00 00 00 00 00 00 00 00 00 00 00 00 00 00 00 00 00 00 00 00 00 00 00 00 00 00 00 00 00 00 00 00 00 00 00
 00 00 00 00 00 00 00 00 00 00 00 00 00 00 00 00 00 00 00 00 00 00 00 00 00 00 00 00 00 00 00 00 00 00 00 00 00 00 00 00 00 00 00 00 00 00 00 00 00 00 00 00 00 00 00 00 00 00 00 00 00 00 00 00
 00 00 00 00 00 00 00 00 00 00 00 00 00 00 00 00 00 00 00 00 00 00 00 00 00 00 00 00 00 00 00 00 00 00 00 00 00 00 00 00 00 00 00 00 00 00 00 00 00 00 00 00 00 00 00 00 00 00 00 00 00 00 00 00
 00 00 00 00 00 00 00 00 00 00 00 00 00 00 00 00 00 00 00 00 00 00 00 00 00 00 00 00 00 00 00 00 00 00 00 00 00 00 00 00 00 00 00 00 00 00 00 00 00 00 00 00 00 00 00 00 00 00 00 00 00 00 00 00
 00 00 00 00 00 00 00 00 00 00 00 00 00 00 00 00 00 00 00 00 00 00 00 00 00 00 00 00 00 00 00 00 00 00 00 00 00 00 00 00 00 00 00 00 00 00 00 00 00 00 00 00 00 00 00 00 00 00 00 00 00 00 00 00
 00 00 00 00 00 00 00 00 00 00 00 00 00 00 00 00 00 00 00 00 00 00 00 00 00 00 00 00 00 00 00 00 00 00 00 00 00 00 00 00 00 00 00 00 00 00 00 00 00 00 00 00 00 00 00 00 00 00 00 00 00 00 00 00
 00 00 00 00 00 00 00 00 00 00 00 00 00 00 00 00 00 00 00 00 00 00 00 00 00 00 00 00 00 00 00 00 00 00 00 00 00 00 00 00 00 00 00 00 00 00 00 00 00 00 00 00 00 00 00 00 00 00 00 00 00 00 00 00
 00 00 00 00 00 00 00 00 00 00 00 00 00 00 00 00 00 00 00 00 00 00 00 00 00 00 00 00 00 00 00 00 00 00 00 00 00 00 00 00 00 00 00 00 00 00 00 00 00 00 00 00 00 00 00 00 00 00 00 00 00 00 00 00
 00 00 00 00 00 00 00 00 00 00 00 00 00 00 00 00 00 00 00 00 00 00 00 00 00 00 00 00 00 00 00 00 00 00 00 00 00 00 00 00 00 00 00 00 00 00 00 00 00 00 00 00 00 00 00 00 00 00 00 00 00 00 00 00
 00 00 00 00 00 00 00 00 00 00 00 00 00 00 00 00 00 00 00 00 00 00 00 00 00 00 00 00 00 00 00 00 00 00 00 00 00 00 00 00 00 00 00 00 00 00 00 00 00 00 00 00 00 00 00 00 00 00 00 00 00 00 00 00
 00 00 00 00 00 00 00 00 00 00 00 00 00 00 00 00 00 00 00 00 00 00 00 00 00 00 00 00 00 00 00 00 00 00 00 00 00 00 00 00 00 00 00 00 00 00 00 00 00 00 00 00 00 00 00 00 00 00 00 00 00 00 00 00
 00 00 00 00 00 00 00 00 00 00 00 00 00 00 00 00 00 00 00 00 00 00 00 00 00 00 00 00 00 00 00 00 00 00 00 00 00 00 00 00 00 00 00 00 00 00 00 00 00 00 00 00 00 00 00 00 00 00 00 00 00 00 00 00
 00 00 00 00 00 00 00 00 00 00 00 00 00 00 00 00 00 00 00 00 00 00 00 00 00 00 00 00 00 00 00 00 00 00 00 00 00 00 00 00 00 00 00 00 00 00 00 00 00 00 00 00 00 00 00 00 00 00 00 00 00 00 00 00
 00 00 00 00 00 00 00 00 00 00 00 00 00 00 00 00 00 00 00 00 00 00 00 00 00 00 00 00 00 00 00 00 00 00 00 00 00 00 00 00 00 00 00 00 00 00 00 00 00 00 00 00 00 00 00 00 00 00 00 00 00 00 00 00
 00 00 00 00 00 00 00 00 00 00 00 00 00 00 00 00 00 00 00 00 00 00 00 00 00 00 00 00 00 00 00 00 00 00 00 00 00 00 00 00 00 00 00 00 00 00 00 00 00 00 00 00 00 00 00 00 00 00 00 00 00 00 00 00
 00 00 00 00 00 00 00 00 00 00 00 00 00 00 00 00 00 00 00 00 00 00 00 00 00 00 00 00 00 00 00 00 00 00 00 00 00 00 00 00 00 00 00 00 00 00 00 00 00 00 00 00 00 00 00 00 00 00 00 00 00 00 00 00
 00 00 00 00 00 00 00 00 00 00 00 00 00 00 00 00 00 00 00 00 00 00 00 00 00 00 00 00 00 00 00 00 00 00 00 00 00 00 00 00 00 00 00 00 00 00 00 00 00 00 00 00 00 00 00 00 00 00 00 00 00 00 00 00
 00 00 00 00 00 00 00 00 00 00 00 00 00 00 00 00 00 00 00 00 00 00 00 00 00 00 00 00 00 00 00 00 00 00 00 00 00 00 00 00 00 00 00 00 00 00 00 00 00 00 00 00 00 00 00 00 00 00 00 00 00 00 00 00
 00 00 00 00 00 00 00 00 00 00 00 00 00 00 00 00 00 00 00 00 00 00 00 00 00 00 00 00 00 00 00 00 00 00 00 00 00 00 00 00 00 00 00 00 00 00 00 00 00 00 00 00 00 00 00 00 00 00 00 00 00 00 00 00
 00 00 00 00 00 00 00 00 00 00 00 00 00 00 00 00 00 00 00 00 00 00 00 00 00 00 00 00 00 00 00 00 00 00 00 00 00 00 00 00 00 00 00 00 00 00 00 00 00 00 00 00 00 00 00 00 00 00 00 00 00 00 00 00
 00 00 00 00 00 00 00 00 00 00 00 00 00 00 00 00 00 00 00 00 00 00 00 00 00 00 00 00 00 00 00 00 00 00 00 00 00 00 00 00 00 00 00 00 00 00 00 00 00 00 00 00 00 00 00 00 00 00 00 00 00 00 00 00
 00 00 00 00 00 00 00 00 00 00 00 00 00 00 00 00 00 00 00 00 00 00 00 00 00 00 00 00 00 00 00 00 00 00 00 00 00 00 00 00 00 00 00 00 00 00 00 00 00 00 00 00 00 00 00 00 00 00 00 00 00 00 00 00
 00 00 00 00 00 00 00 00 00 00 00 00 00 00 00 00 00 00 00 00 00 00 00 00 00 00 00 00 00 00 00 00 00 00 00 00 00 00 00 00 00 00 00 00 00 00 00 00 00 00 00 00 00 00 00 00 00 00 00 00 00 00 00 00
 00 00 00 00 00 00 00 00 00 00 00 00 00 00 00 00 00 00 00 00 00 00 00 00 00 00 00 00 00 00 00 00 00 00 00 00 00 00 00 00 00 00 00 00 00 00 00 00 00 00 00 00 00 00 00 00 00 00 00 00 00 00 00 00
 00 00 00 00 00 00 00 00 00 00 00 00 00 00 00 00 00 00 00 00 00 00 00 00 00 00 00 00 00 00 00 00 00 00 00 00 00 00 00 00 00 00 00 00 00 00 00 00 00 00 00 00 00 00 00 00 00 00 00 00 00 00 00 00
 00 00 00 00 00 00 00 00 00 00 00 00 00 00 00 00 00 00 00 00 00 00 00 00 00 00 00 00 00 00 00 00 00 00 00 00 00 00 00 00 00 00 00 00 00 00 00 00 00 00 00 00 00 00 00 00 00 00 00 00 00 00 00 00
 00 00 00 00 00 00 00 00 00 00 00 00 00 00 00 00 00 00 00 00 00 00 00 00 00 00 00 00 00 00 00 00 00 00 00 00 00 00 00 00 00 00 00 00 00 00 00 00 00 00 00 00 00 00 00 00 00 00 00 00 00 00 00 00
 00 00 00 00 00 00 00 00 00 00 00 00 00 00 00 00 00 00 00 00 00 00 00 00 00 00 00 00 00 00 00 00 00 00 00 00 00 00 00 00 00 00 00 00 00 00 00 00 00 00 00 00 00 00 00 00 00 00 00 00 00 00 00 00
 00 00 00 00 00 00 00 00 00 00 00 00 00 00 00 00 00 00 00 00 00 00 00 00 00 00 00 00 00 00 00 00 00 00 00 00 00 00 00 00 00 00 00 00 00 00 00 00 00 00 00 00 00 00 00 00 00 00 00 00 00 00 00 00
 00 00 00 00 00 00 00 00 00 00 00 00 00 00 00 00 00 00 00 00 00 00 00 00 00 00 00 00 00 00 00 00 00 00 00 00 00 00 00 00 00 00 00 00 00 00 00 00 00 00 00 00 00 00 00 00 00 00 00 00 00 00 00 00
 00 00 00 00 00 00 00 00 00 00 00 00 00 00 00 00 00 00 00 00 00 00 00 00 00 00 00 00 00 00 00 00 00 00 00 00 00 00 00 00 00 00 00 00 00 00 00 00 00 00 00 00 00 00 00 00 00 00 00 00 00 00 00 00
 00 00 00 00 00 00 00 00 00 00 00 00 00 00 00 00 00 00 00 00 00 00 00 00 00 00 00 00 00 00 00 00 00 00 00 00 00 00 00 00 00 00 00 00 00 00 00 00 00 00 00 00 00 00 00 00 00 00 00 00 00 00 00 00
 00 00 00 00 00 00 00 00 00 00 00 00 00 00 00 00 00 00 00 00 00 00 00 00 00 00 00 00 00 00 00 00 00 00 00 00 00 00 00 00 00 00 00 00 00 00 00 00 00 00 00 00 00 00 00 00 00 00 00 00 00 00 00 00
 00 00 00 00 00 00 00 00 00 00 00 00 00 00 00 00 00 00 00 00 00 00 00 00 00 00 00 00 00 00 00 00 00 00 00 00 00 00 00 00 00 00 00 00 00 00 00 00 00 00 00 00 00 00 00 00 00 00 00 00 00 00 00 00
 00 00 00 00 00 00 00 00 00 00 00 00 00 00 00 00 00 00 00 00 00 00 00 00 00 00 00 00 00 00 00 00 00 00 00 00 00 00 00 00 00 00 00 00 00 00 00 00 00 00 00 00 00 00 00 00 00 00 00 00 00 00 00 00
 00 00 00 00 00 00 00 00 00 00 00 00 00 00 00 00 00 00 00 00 00 00 00 00 00 00 00 00 00 00 00 00 00 00 00 00 00 00 00 00 00 00 00 00 00 00 00 00 00 00 00 00 00 00 00 00 00 00 00 00 00 00 00 00
 00 00 00 00 00 00 00 00 00 00 00 00 00 00 00 00 00 00 00 00 00 00 00 00 00 00 00 00 00 00 00 00 00 00 00 00 00 00 00 00 00 00 00 00 00 00 00 00 00 00 00 00 00 00 00 00 00 00 00 00 00 00 00 00
 00 00 00 00 00 00 00 00 00 00 00 00 00 00 00 00 00 00 00 00 00 00 00 00 00 00 00 00 00 00 00 00 00 00 00 00 00 00 00 00 00 00 00 00 00 00 00 00 00 00 00 00 00 00 00 00 00 00 00 00 00 00 00 00
 00 00 00 00 00 00 00 00 00 00 00 00 00 00 00 00 00 00 00 00 00 00 00 00 00 00 00 00 00 00 00 00 00 00 00 00 00 00 00 00 00 00 00 00 00 00 00 00 00 00 00 00 00 00 00 00 00 00 00 00 00 00 00 00
 00 00 00 00 00 00 00 00 00 00 00 00 00 00 00 00 00 00 00 00 00 00 00 00 00 00 00 00 00 00 00 00 00 00 00 00 00 00 00 00 00 00 00 00 00 00 00 00 00 00 00 00 00 00 00 00 00 00 00 00 00 00 00 00
0
PROCESS 000003d4
LIMIT 1536
CUR 0
P 0 CYCLE 0
CMD 2
CMD 2
PAR 2 1 0
NB PAR 2
V 78956
V 3
VALUE 78956 3 0
CYCLE 0
P 7 CYCLE 0
DO ACTION
CMD 9
CMD 9
PAR 2 0 0
NB PAR 1
V 80
VALUE 80 0 0
CYCLE 1
P 10 CYCLE 0
DO ACTION
CMD 9
CMD 9
PAR 2 0 0
NB PAR 1
V 0
VALUE 0 0 0
CYCLE 2
P 13 CYCLE 0
DO ACTION
CMD 1
CMD 1
PAR 2 0 0
NB PAR 1
V 42
VALUE 42 0 0
CYCLE 3
P 18 CYCLE 0
DO ACTION
CMD 11
CMD 11
PAR 1 2 1
NB PAR 3
V 15
V 0
V 14
VALUE 15 0 14
CYCLE 4
P 24 CYCLE 0
DO ACTION
CMD 9
CMD 9
PAR 2 0 0
NB PAR 1
V 65336
VALUE 65336 0 0
CYCLE 5
P 27 CYCLE 0
DO ACTION
CMD 1
CMD 1
PAR 2 0 0
NB PAR 1
V 42
VALUE 42 0 0
CYCLE 6
P 32 CYCLE 0
DO ACTION
CMD 11
CMD 11
PAR 1 2 1
NB PAR 3
V 15
V 0
V 14
VALUE 15 0 14
CYCLE 7
P 38 CYCLE 0
DO ACTION
CMD 9
CMD 9
PAR 2 0 0
NB PAR 1
V 65336
VALUE 65336 0 0
CYCLE 8
P 41 CYCLE 0
DO ACTION
CMD 1
CMD 1
PAR 2 0 0
NB PAR 1
V 42
VALUE 42 0 0
CYCLE 9
P 46 CYCLE 0
DO ACTION
CMD 11
CMD 11
PAR 1 2 1
NB PAR 3
V 15
V 0
V 14
VALUE 15 0 14
CYCLE 10
P 52 CYCLE 0
DO ACTION
CMD 9
CMD 9
PAR 2 0 0
NB PAR 1
V 65336
VALUE 65336 0 0
CYCLE 11
P 55 CYCLE 0
DO ACTION
CMD 1
CMD 1
PAR 2 0 0
NB PAR 1
V 42
VALUE 42 0 0
CYCLE 12
P 60 CYCLE 0
DO ACTION
CMD 11
CMD 11
PAR 1 2 1
NB PAR 3
V 15
V 0
V 14
VALUE 15 0 14
CYCLE 13
P 66 CYCLE 0
DO ACTION
CMD 9
CMD 9
PAR 2 0 0
NB PAR 1
V 65336
VALUE 65336 0 0
CYCLE 14
P 69 CYCLE 0
DO ACTION
CMD 11
CMD 11
PAR 1 2 1
NB PAR 3
V 15
V 0
V 14
VALUE 15 0 14
CYCLE 15
P 75 CYCLE 0
DO ACTION
CMD 9
CMD 9
PAR 2 0 0
NB PAR 1
V 65336
VALUE 65336 0 0
CYCLE 16
P 78 CYCLE 0
DO ACTION
CMD 11
CMD 11
PAR 1 2 1
NB PAR 3
V 15
V 0
V 14
VALUE 15 0 14
CYCLE 17
P 84 CYCLE 0
DO ACTION
CMD 9
CMD 9
PAR 2 0 0
NB PAR 1
V 65336
VALUE 65336 0 0
CYCLE 18
P 87 CYCLE 0
DO ACTION
CMD 11
CMD 11
PAR 1 2 2
NB PAR 3
V 1
V 65462
V 1
VALUE 1 65462 1
CYCLE 19
P 94 CYCLE 0
DO ACTION
CMD 11
CMD 11
PAR 1 2 2
NB PAR 3
V 1
V 65455
V 15
VALUE 1 65455 15
CYCLE 20
P 101 CYCLE 0
DO ACTION
CMD 11
CMD 11
PAR 1 2 2
NB PAR 3
V 1
V 65448
V 29
VALUE 1 65448 29
CYCLE 21
P 108 CYCLE 0
DO ACTION
CMD 11
CMD 11
PAR 1 2 2
NB PAR 3
V 1
V 65441
V 43
VALUE 1 65441 43
CYCLE 22
P 115 CYCLE 0
DO ACTION
CMD 11
CMD 11
PAR 1 2 2
NB PAR 3
V 1
V 65434
V 57
VALUE 1 65434 57
CYCLE 23
P 122 CYCLE 0
DO ACTION
CMD 11
CMD 11
PAR 1 2 2
NB PAR 3
V 1
V 65427
V 71
VALUE 1 65427 71
CYCLE 24
P 129 CYCLE 0
DO ACTION
CMD 2
CMD 2
PAR 2 1 0
NB PAR 2
V 393216
V 4
VALUE 393216 4 0
CYCLE 25
P 136 CYCLE 0
DO ACTION
CMD 2
CMD 2
PAR 2 1 0
NB PAR 2
V 917504
V 12
VALUE 917504 12 0
CYCLE 26
P 143 CYCLE 0
DO ACTION
CMD 2
CMD 2
PAR 2 1 0
NB PAR 2
V 1
V 11
VALUE 1 11 0
CYCLE 27
P 150 CYCLE 0
DO ACTION
CMD 2
CMD 2
PAR 2 1 0
NB PAR 2
V 6
V 10
VALUE 6 10 0
CYCLE 28
P 157 CYCLE 0
DO ACTION
CMD 1
CMD 1
PAR 2 0 0
NB PAR 1
V 42
VALUE 42 0 0
CYCLE 29
P 162 CYCLE 0
DO ACTION
CMD 11
CMD 11
PAR 1 2 2
NB PAR 3
V 4
V 65381
V 1
VALUE 4 65381 1
CYCLE 30
P 169 CYCLE 0
DO ACTION
CMD 4
CMD 4
PAR 1 1 1
NB PAR 3
V 4
V 12
V 4
VALUE 4 12 4
CYCLE 31
P 174 CYCLE 0
DO ACTION
CMD 5
CMD 5
PAR 1 1 1
NB PAR 3
V 10
V 11
V 10
VALUE 10 11 10
CYCLE 32
P 179 CYCLE 0
DO ACTION
CMD 9
CMD 9
PAR 2 0 0
NB PAR 1
V 65486
VALUE 65486 0 0
CYCLE 33
P 182 CYCLE 0
DO ACTION
CMD 12
CMD 12
PAR 2 0 0
NB PAR 1
V 65511
VALUE 65511 0 0
CYCLE 34
P 185 CYCLE 0
DO ACTION
CMD 1
CMD 1
PAR 2 0 0
NB PAR 1
V 3
VALUE 3 0 0
CYCLE 35
P 190 CYCLE 0
DO ACTION
CMD 12
CMD 12
PAR 2 0 0
NB PAR 1
V 40
VALUE 40 0 0
CYCLE 36
P 193 CYCLE 0
DO ACTION
CMD 1
CMD 1
PAR 2 0 0
NB PAR 1
V 4
VALUE 4 0 0
CYCLE 37
P 198 CYCLE 0
DO ACTION
CMD 12
CMD 12
PAR 2 0 0
NB PAR 1
V 69
VALUE 69 0 0
CYCLE 38
P 201 CYCLE 0
DO ACTION
CMD 1
CMD 1
PAR 2 0 0
NB PAR 1
V 42
VALUE 42 0 0
CYCLE 39
P 206 CYCLE 0
DO ACTION
CMD 10
CMD 10
PAR 2 2 1
NB PAR 3
V 8
V 65343
V 15
VALUE 8 65343 15
CYCLE 40
P 213 CYCLE 0
DO ACTION
CMD 2
CMD 2
PAR 2 1 0
NB PAR 2
V -186
V 14
VALUE -186 14 0
CYCLE 41
P 220 CYCLE 0
DO ACTION
CMD 2
CMD 2
PAR 2 1 0
NB PAR 2
V 0
V 2
VALUE 0 2 0
CYCLE 42
P 227 CYCLE 0
DO ACTION
CMD 9
CMD 9
PAR 2 0 0
NB PAR 1
V 65316
VALUE 65316 0 0
CYCLE 43
P 230 CYCLE 0
DO ACTION
CMD 1
CMD 1
PAR 2 0 0
NB PAR 1
V 42
VALUE 42 0 0
CYCLE 44
P 235 CYCLE 0
DO ACTION
CMD 12
CMD 12
PAR 2 0 0
NB PAR 1
V 61
VALUE 61 